//Directional maps
const NORTH: u8 = 8;
const SOUTH: u8 = -8;
const EAST: u8 = 1;
const WEST: u8 = -1;
const NORTHEAST: u8 = 9;
const NORTHWEST: u8 = 7;
const SOUTHEAST: u8 = -9;
const SOUTHWEST: u8 = -7;

const FILE_A: u64 = 72340172838076673;
const FILE_B: u64 = 144680345676153346;
const FILE_C: u64 = 289360691352306692;
const FILE_D: u64 = 578721382704613384;
const FILE_E: u64 = 1157442765409226768;
const FILE_F: u64 = 2314885530818453536;
const FILE_G: u64 = 4629771061636907072;
const FILE_H: u64 = 9259542123273814144;

const RANK_1: u64 = 255;
const RANK_2: u64 = 65280;
const RANK_3: u64 = 16711680;
const RANK_4: u64 = 4278190080;
const RANK_5: u64 = 1095216660480;
const RANK_6: u64 = 280375465082880;
const RANK_7: u64 = 71776119061217280;
const RANK_8: u64 = 18374686479671623680;

const DIAGONAL_A1H8: u64 = 9241421688590303745;
const DIAGONAL_H1A8: u64 = 18049651735527936;

const EDGE_MASK: u64 = 18411139144890810879; // FILE_A | FILE_H | RANK_1 | RANK_8

const DIAGONALS: [15]u64 = [_]u64{
    1,                  258,                66052,              16909320,            4328785936,          1108169199648,       283691315109952,     72624976668147840,
    145249953336295424, 290499906672525312, 580999813328273408, 1161999622361579520, 2323998145211531264, 4647714815446351872, 9223372036854775808,
};

const ANTI_DIAGONALS: [15]u64 = [_]u64{
    128,                 32832,               8405024,             2151686160,         550831656968,       141012366262272,    36099303471055872, 9241421688590303745,
    4620710844295151872, 2310355422147510272, 1155177711057110024, 577588855528488448, 288794425616760832, 144396663052566528, 72058693549555712,
};

const WHITE_SINGLE_PUSH: [64]u64 = [_]u64{
    256,               512,                1024,               2048,               4096,                8192,                16384,               32768,
    65536,             131072,             262144,             524288,             1048576,             2097152,             4194304,             8388608,
    16777216,          33554432,           67108864,           134217728,          268435456,           536870912,           1073741824,          2147483648,
    4294967296,        8589934592,         17179869184,        34359738368,        68719476736,         137438953472,        274877906944,        549755813888,
    1099511627776,     2199023255552,      4398046511104,      8796093022208,      17592186044416,      35184372088832,      70368744177664,      140737488355328,
    281474976710656,   562949953421312,    1125899906842624,   2251799813685248,   4503599627370496,    9007199254740992,    18014398509481984,   36028797018963968,
    72057594037927936, 144115188075855872, 288230376151711744, 576460752303423488, 1152921504606846976, 2305843009213693952, 4611686018427387904, 9223372036854775808,
    0,                 0,                  0,                  0,                  0,                   0,                   0,                   0,
};

const WHITE_DOUBLE_PUSH: [64]u64 = [_]u64{
    0,                 0,                  0,                  0,                  0,                   0,                   0,                   0,
    16777216,          33554432,           67108864,           134217728,          268435456,           536870912,           1073741824,          2147483648,
    4294967296,        8589934592,         17179869184,        34359738368,        68719476736,         137438953472,        274877906944,        549755813888,
    1099511627776,     2199023255552,      4398046511104,      8796093022208,      17592186044416,      35184372088832,      70368744177664,      140737488355328,
    281474976710656,   562949953421312,    1125899906842624,   2251799813685248,   4503599627370496,    9007199254740992,    18014398509481984,   36028797018963968,
    72057594037927936, 144115188075855872, 288230376151711744, 576460752303423488, 1152921504606846976, 2305843009213693952, 4611686018427387904, 9223372036854775808,
    0,                 0,                  0,                  0,                  0,                   0,                   0,                   0,
};

const BLACK_SINGLE_PUSH: [64]u64 = [_]u64{
    0,               0,               0,                0,                0,                0,                0,                 0,
    1,               2,               4,                8,                16,               32,               64,                128,
    256,             512,             1024,             2048,             4096,             8192,             16384,             32768,
    65536,           131072,          262144,           524288,           1048576,          2097152,          4194304,           8388608,
    16777216,        33554432,        67108864,         134217728,        268435456,        536870912,        1073741824,        2147483648,
    4294967296,      8589934592,      17179869184,      34359738368,      68719476736,      137438953472,     274877906944,      549755813888,
    1099511627776,   2199023255552,   4398046511104,    8796093022208,    17592186044416,   35184372088832,   70368744177664,    140737488355328,
    281474976710656, 562949953421312, 1125899906842624, 2251799813685248, 4503599627370496, 9007199254740992, 18014398509481984, 36028797018963968,
};

const BLACK_DOUBLE_PUSH: [64]u64 = [_]u64{
    0,               0,               0,                0,                0,                0,                0,                 0,
    256,             512,             1024,             2048,             4096,             8192,             16384,             32768,
    65536,           131072,          262144,           524288,           1048576,          2097152,          4194304,           8388608,
    16777216,        33554432,        67108864,         134217728,        268435456,        536870912,        1073741824,        2147483648,
    4294967296,      8589934592,      17179869184,      34359738368,      68719476736,      137438953472,     274877906944,      549755813888,
    1099511627776,   2199023255552,   4398046511104,    8796093022208,    17592186044416,   35184372088832,   70368744177664,    140737488355328,
    281474976710656, 562949953421312, 1125899906842624, 2251799813685248, 4503599627370496, 9007199254740992, 18014398509481984, 36028797018963968,
    0,               0,               0,                0,                0,                0,                0,                 0,
};

const WHITE_PAWN_ATTACKS: [64]u64 = [_]u64{
    512,                1280,               2560,                5120,                10240,               20480,               40960,                16384,
    131584,             328704,             657408,              1314816,             2629632,             5259264,             10518528,             4202496,
    33609728,           84182784,           168365568,           336731136,           673462272,           1346924544,          2693849088,           1075839008,
    865704448,          2160905523,         4323489056,          8646978112,          17293956224,         34587912448,         69175824896,          275414786112,
    2216203387392,      5531918402816,      11068131838464,      22136263676928,      44272527353856,      88545054707712,      177290109415424,      70506185244672,
    567348067172352,    1416171111120896,   2833441750646784,    5666883501293568,    11333767002587136,   22667534005174272,   45335068010348544,    18049583422636032,
    145241105196122112, 362539804446949376, 725361088165576704,  1450722176331153408, 2901444352662306816, 5802888705324613632, 11533718717099671552, 4620693356194824192,
    288234782788157440, 576469569871282176, 1224997833292120064, 2449995666584240128, 4899991333168480256, 9799982666336960512, 1152939783987658752,  2305878468463689728,
};

const KNIGHT_MOVES: [64]u64 = [_]u64{
    132096,             329728,             659712,              1319424,             2638848,             5277696,             10489856,             4202496,
    33816580,           84410376,           168886289,           337772578,           675545156,           1351090312,          2685403152,           1075839008,
    8657044482,         21609056261,        43234889994,         86469779988,         172939559976,        345879119952,        687463207072,         275414786112,
    2216203387392,      5531918402816,      11068131838464,      22136263676928,      44272527353856,      88545054707712,      175990581010432,      70506185244672,
    567348067172352,    1416171111120896,   2833441750646784,    5666883501293568,    11333767002587136,   22667534005174272,   45053588738670592,    18049583422636032,
    145241105196122112, 362539804446949376, 725361088165576704,  1450722176331153408, 2901444352662306816, 5802888705324613632, 11533718717099671552, 4620693356194824192,
    288234782788157440, 576469569871282176, 1224997833292120064, 2449995666584240128, 4899991333168480256, 9799982666336960512, 1152939783987658752,  2305878468463689728,
    1128098930098176,   2257297371824128,   4796069720358912,    9592139440717824,    19184278881435648,   38368557762871296,   4679521487814656,     9077567998918656,
};

const BISHOP_MOVES: [64]u64 = [_]u64{
    9241421688590303745, 4620710844295151872, 2310355422147510272, 1155177711057110024, 577588855528488448,  288794425616760832,  144396663052566528,  72058693549555712,
    4620710844295151872, 9241421688590303745, 4620710844295151872, 2310355422147510272, 1155177711057110024, 577588855528488448,  288794425616760832,  144396663052566528,
    2310355422147510272, 4620710844295151872, 9241421688590303745, 4620710844295151872, 2310355422147510272, 1155177711057110024, 577588855528488448,  288794425616760832,
    1155177711057110024, 2310355422147510272, 4620710844295151872, 9241421688590303745, 4620710844295151872, 2310355422147510272, 1155177711057110024, 577588855528488448,
    577588855528488448,  1155177711057110024, 2310355422147510272, 4620710844295151872, 9241421688590303745, 4620710844295151872, 2310355422147510272, 1155177711057110024,
    288794425616760832,  577588855528488448,  1155177711057110024, 2310355422147510272, 4620710844295151872, 9241421688590303745, 4620710844295151872, 2310355422147510272,
    144396663052566528,  288794425616760832,  577588855528488448,  1155177711057110024, 2310355422147510272, 4620710844295151872, 9241421688590303745, 4620710844295151872,
    72058693549555712,   144396663052566528,  288794425616760832,  577588855528488448,  1155177711057110024, 2310355422147510272, 4620710844295151872, 9241421688590303745,
};

const ROOK_MOVES: [64]u64 = [_]u64{
    72340172838076926, 144680345676153597, 289360691352306939, 578721382704613623, 1157442765409226991, 2314885530818453535, 4629771061636906623, 9259542123273812799,
    72340172838141441, 144680345676707458, 289360691352860812, 578721382705167520, 1157442765409419936, 2314885530818646528, 4629771061637100512, 9259542123274006528,
    72340172854381952, 144680345692586496, 289360691368775168, 578721382722743168, 1157442765424386560, 2314885530831314944, 4629771061645235712, 9259542123282845696,
    72340177117347840, 144680345874695680, 289360691549578240, 578721382898838528, 1157442765629353984, 2314885531049985024, 4629771061881077760, 9259542123555279872,
    72341259464802304, 144680356092608512, 289360702075461632, 578721394037188608, 1157442781940647936, 2314885543200464896, 4629771064003248128, 9259542125628428288,
    72390861416488960, 144726208530743296, 289406560092158720, 578767268963754496, 1157486872706945024, 2314934436171748352, 4629821819601356800, 9259596586460576512,
    74839840235548160, 147681456264140800, 292919467889844224, 583395491141251072, 1164349536144067072, 2330131223059095552, 4661694596889152512, 9324814564549266432,
    281475010265362,   562950020266241,    1125900040536979,   2251800080590843,   4503600160700107,    9007200320907895,    18014400641379871,   36028797018963967,
};

const QUEEN_MOVES: [64]u64 = [_]u64{
    9313761839036906591, 9313761839036906591, 9313761839036906591, 9313761839036906591, 9313761839036906591, 9313761839036906591, 9313761839036906591, 9313761839036906591,
    9313761839036906591, 9313761839036906591, 9313761839036906591, 9313761839036906591, 9313761839036906591, 9313761839036906591, 9313761839036906591, 9313761839036906591,
    9313761839036906591, 9313761839036906591, 9313761839036906591, 9313761839036906591, 9313761839036906591, 9313761839036906591, 9313761839036906591, 9313761839036906591,
    9313761839036906591, 9313761839036906591, 9313761839036906591, 9313761839036906591, 9313761839036906591, 9313761839036906591, 9313761839036906591, 9313761839036906591,
    9313761839036906591, 9313761839036906591, 9313761839036906591, 9313761839036906591, 9313761839036906591, 9313761839036906591, 9313761839036906591, 9313761839036906591,
    9313761839036906591, 9313761839036906591, 9313761839036906591, 9313761839036906591, 9313761839036906591, 9313761839036906591, 9313761839036906591, 9313761839036906591,
    9313761839036906591, 9313761839036906591, 9313761839036906591, 9313761839036906591, 9313761839036906591, 9313761839036906591, 9313761839036906591, 9313761839036906591,
    9313761839036906591, 9313761839036906591, 9313761839036906591, 9313761839036906591, 9313761839036906591, 9313761839036906591, 9313761839036906591, 9313761839036906591,
};

const KING_MOVES: [64]u64 = [_]u64{
    770,                1797,               3594,                7188,                14376,               28752,               57504,                49216,
    197123,             460039,             920078,              1840156,             3680312,             7360624,             14721248,             12599488,
    50463488,           117769984,          235539968,           471079936,           942159872,           1884319744,          3768639488,           3225468928,
    12918652928,        30149115904,        60298231808,         120596463616,        241192927232,        482385854464,        964771708928,         825720045568,
    3307175149568,      7718173671424,      15436347342848,      30872694685696,      61745389371392,      123490778742784,     246981557485568,      211384331665408,
    846636838289408,    1975852459884544,   3951704919769088,    7903409839538176,    15806819679076352,   31613639358152704,   63227278716305408,    54114388906344448,
    216739030602088448, 505818229730443264, 1011636459460886528, 2023272918921773056, 4046545837843546112, 8093091675687092224, 16186183351374184448, 13853283560024178688,
    144959613005987840, 362258295026614272, 724516590053228544,  1449033180106457088, 2898066360212914176, 5796132720425828352, 11592265440851656704, 4665729213955833856,
};
